%YAML:1.0
---
IntrinsicMatrix: !!opencv-matrix
   rows: 3
   cols: 3
   dt: d
   data: [ 5.3923649332240802e+02, 0., 3.1950000000000000e+02, 0.,
       5.3920231520682728e+02, 2.3950000000000000e+02, 0., 0., 1. ]
distCoeffs: !!opencv-matrix
   rows: 5
   cols: 1
   dt: d
   data: [ -2.8441715262908707e-01, 8.3186183712933098e-02,
       1.6767208825829139e-03, -1.3841584957148684e-03,
       5.6685240819523350e-02 ]
