%YAML:1.0
---
IntrinsicMatrix: !!opencv-matrix
   rows: 3
   cols: 3
   dt: d
   data: [ 6.0347869178074825e+02, 0., 3.1950000000000000e+02, 0.,
       6.0525919942501434e+02, 2.3950000000000000e+02, 0., 0., 1. ]
distCoeffs: !!opencv-matrix
   rows: 5
   cols: 1
   dt: d
   data: [ 2.3403486065936747e-02, 6.2446249175506452e-01,
       -3.0118125158275946e-03, -4.5437285457229255e-03,
       -2.1989959308317579e+00 ]
