%YAML:1.0
---
type: IMU
name: my_new_imu
Gyr:
   unit: " rad/s"
   avg-axis:
      gyr_n: 1.8204646510287211e-03
      gyr_w: 1.4220133771917435e-05
   x-axis:
      gyr_n: 1.5281866371488816e-03
      gyr_w: 9.0768290210808410e-06
   y-axis:
      gyr_n: 2.0116147267145493e-03
      gyr_w: 1.7563272637068626e-05
   z-axis:
      gyr_n: 1.9215925892227320e-03
      gyr_w: 1.6020299657602838e-05
Acc:
   unit: " m/s^2"
   avg-axis:
      acc_n: 1.2036871456197197e-02
      acc_w: 3.1164275253760780e-04
   x-axis:
      acc_n: 1.2248373283509532e-02
      acc_w: 2.6667512800755038e-04
   y-axis:
      acc_n: 1.1917288728913771e-02
      acc_w: 4.2683258618168981e-04
   z-axis:
      acc_n: 1.1944952356168291e-02
      acc_w: 2.4142054342358326e-04
